0 2041 
1 142 
2 1253 
3 599 
4 461 
5 488 
6 749 
7 61 
8 1346 
9 645 
10 593 
11 45 
12 1077 
13 554 
14 929 
15 515 
16 802 
17 77 
18 1254 
19 120 
20 1674 
21 918 
22 24 
23 18 
24 1304 
25 119 
26 1387 
27 477 
28 716 
29 560 
30 692 
31 57 
32 1147 
33 523 
34 332 
35 30 
36 1062 
37 293 
38 1131 
39 491 
40 519 
41 67 
42 837 
43 86 
44 1301 
45 1068 
46 36 
47 25 
48 775 
49 62 
50 812 
51 227 
52 482 
53 222 
54 301 
55 40 
56 664 
57 287 
58 523 
59 34 
60 732 
61 555 
62 419 
63 203 
64 116 
65 26 
66 285 
67 35 
68 430 
69 331 
70 28 
71 14 
72 287 
73 30 
74 295 
75 140 
76 77 
77 62 
78 191 
79 22 
80 247 
81 173 
82 88 
83 17 
84 272 
85 83 
86 245 
87 150 
88 72 
89 23 
90 220 
91 25 
92 271 
93 229 
94 18 
95 9 
96 178 
97 37 
98 181 
99 85 
100 56 
101 40 
102 144 
103 8 
104 166 
105 110 
106 48 
107 14 
108 158 
109 60 
110 200 
111 106 
112 64 
113 8 
114 157 
115 26 
116 195 
117 128 
118 12 
119 6 
120 138 
121 25 
122 125 
123 72 
124 56 
125 41 
126 76 
127 14 
128 126 
129 80 
130 24 
131 10 
132 95 
133 37 
134 94 
135 62 
136 49 
137 11 
138 108 
139 14 
140 107 
141 90 
142 10 
143 5 
144 111 
145 17 
146 78 
147 49 
148 48 
149 17 
150 51 
151 7 
152 105 
153 52 
154 35 
155 9 
156 88 
157 27 
158 61 
159 56 
160 33 
161 6 
162 62 
163 15 
164 63 
165 69 
166 7 
167 5 
168 72 
169 4 
170 80 
171 28 
172 28 
173 17 
174 48 
175 10 
176 71 
177 36 
178 28 
179 7 
180 60 
181 17 
182 52 
183 28 
184 23 
185 5 
186 61 
187 5 
188 51 
189 62 
190 8 
191 3 
192 56 
193 12 
194 54 
195 41 
196 20 
197 6 
198 48 
199 3 
200 60 
201 32 
202 13 
203 4 
204 38 
205 8 
206 45 
207 37 
208 17 
209 3 
210 48 
211 5 
212 48 
213 34 
214 13 
215 5 
216 49 
217 6 
218 46 
219 32 
220 14 
221 13 
222 33 
223 3 
224 51 
225 26 
226 7 
227 6 
228 48 
229 11 
230 30 
231 23 
232 16 
233 4 
234 25 
235 9 
236 30 
237 37 
238 8 
240 28 
241 7 
242 28 
243 17 
244 6 
245 5 
246 27 
247 7 
248 16 
249 24 
250 15 
251 1 
252 27 
253 10 
254 25 
255 23 
256 12 
257 2 
258 19 
259 5 
260 22 
261 28 
262 1 
264 25 
265 2 
266 19 
267 13 
268 13 
269 7 
270 27 
271 4 
272 18 
273 16 
274 13 
275 3 
276 21 
277 10 
278 18 
279 12 
280 8 
281 3 
282 41 
283 7 
284 20 
285 22 
286 1 
287 5 
288 25 
289 3 
290 27 
291 7 
292 3 
293 5 
294 15 
295 9 
296 21 
297 12 
298 12 
299 5 
300 27 
301 11 
302 15 
303 19 
304 5 
305 7 
306 14 
307 6 
308 18 
309 20 
310 4 
312 18 
313 2 
314 15 
315 10 
316 15 
317 10 
318 11 
319 1 
320 15 
321 14 
322 7 
323 3 
324 22 
325 9 
326 20 
327 17 
328 7 
329 2 
330 13 
331 5 
332 17 
333 11 
334 4 
335 3 
336 11 
337 3 
338 15 
339 10 
340 6 
341 2 
342 12 
343 7 
344 12 
345 13 
346 2 
347 2 
348 16 
349 7 
350 8 
351 8 
352 8 
353 1 
354 15 
355 7 
356 10 
357 13 
358 2 
359 3 
360 14 
361 6 
362 14 
363 7 
364 4 
365 7 
366 13 
367 3 
368 16 
369 8 
370 1 
372 19 
373 3 
374 7 
375 10 
376 2 
377 2 
378 8 
379 3 
380 6 
381 14 
382 3 
384 10 
385 5 
386 13 
387 7 
388 2 
389 1 
390 11 
392 7 
393 5 
394 6 
396 8 
397 5 
398 14 
399 9 
400 5 
401 2 
402 7 
403 1 
404 8 
405 10 
406 1 
408 12 
409 4 
410 11 
411 5 
412 3 
413 2 
414 5 
415 2 
416 7 
417 3 
418 3 
419 3 
420 15 
421 3 
422 9 
423 4 
424 5 
426 11 
428 10 
429 11 
430 2 
431 1 
432 15 
433 6 
434 5 
435 3 
436 1 
438 8 
440 7 
441 7 
442 8 
443 3 
444 8 
445 2 
446 9 
447 8 
448 3 
449 1 
450 8 
451 2 
452 10 
453 12 
454 2 
456 10 
457 4 
458 9 
459 6 
460 1 
461 2 
462 9 
463 4 
464 8 
465 3 
466 2 
467 1 
468 11 
469 4 
470 6 
471 8 
472 5 
474 6 
475 1 
476 9 
477 11 
478 1 
480 8 
482 6 
483 3 
484 2 
485 2 
486 9 
487 1 
488 8 
489 4 
490 3 
492 8 
493 1 
494 5 
495 4 
496 3 
497 1 
498 5 
499 1 
500 10 
501 6 
502 1 
504 9 
505 2 
506 4 
507 5 
508 4 
509 1 
510 7 
511 1 
512 17 
513 4 
514 1 
516 6 
517 1 
518 7 
519 4 
520 2 
521 1 
522 5 
523 1 
524 5 
525 7 
526 1 
527 2 
528 5 
529 2 
530 9 
531 5 
532 3 
533 1 
534 6 
535 1 
536 3 
537 3 
538 2 
540 3 
541 4 
542 10 
543 7 
544 5 
546 4 
547 1 
548 7 
549 4 
552 4 
553 1 
554 6 
555 1 
556 5 
558 7 
560 3 
561 4 
562 2 
564 7 
565 1 
566 3 
567 2 
568 4 
569 1 
570 4 
572 4 
573 2 
576 2 
577 3 
578 2 
579 4 
580 1 
582 6 
583 1 
584 5 
585 3 
586 3 
587 1 
588 2 
589 4 
590 3 
591 1 
592 4 
593 2 
594 4 
595 1 
596 1 
597 6 
598 1 
599 1 
600 7 
601 2 
602 2 
603 5 
604 1 
605 1 
606 2 
608 5 
609 1 
610 2 
612 4 
615 4 
616 3 
617 2 
618 3 
619 2 
620 1 
623 1 
624 2 
626 2 
627 4 
628 2 
630 4 
631 1 
632 4 
633 4 
634 3 
635 1 
636 1 
637 1 
638 2 
639 1 
642 4 
643 2 
644 2 
645 3 
646 1 
648 5 
649 1 
650 3 
651 2 
652 2 
654 1 
655 2 
656 1 
657 1 
658 2 
660 3 
661 2 
662 1 
663 4 
664 3 
665 1 
666 2 
668 2 
669 2 
670 2 
672 1 
673 1 
674 1 
675 5 
678 2 
680 2 
681 3 
686 1 
687 4 
689 2 
690 1 
692 3 
693 2 
694 1 
695 3 
696 2 
697 3 
698 4 
699 1 
700 1 
702 3 
703 1 
705 4 
707 1 
708 2 
709 1 
711 3 
712 1 
714 5 
715 1 
716 4 
717 4 
720 2 
722 4 
723 1 
724 2 
725 1 
726 4 
727 1 
728 5 
729 2 
730 2 
732 2 
733 1 
734 1 
735 1 
736 1 
738 2 
739 1 
741 2 
744 2 
746 1 
747 3 
748 1 
749 3 
750 2 
751 1 
752 1 
753 1 
755 1 
756 4 
757 1 
758 3 
760 1 
761 1 
762 2 
763 2 
765 1 
766 1 
770 2 
771 5 
773 1 
774 2 
775 1 
776 1 
777 1 
778 2 
780 2 
781 2 
782 1 
787 1 
788 2 
789 1 
792 1 
794 4 
795 1 
796 2 
797 1 
798 1 
799 2 
800 1 
801 1 
804 1 
806 2 
807 4 
810 3 
812 1 
813 1 
814 4 
815 1 
816 4 
818 1 
819 2 
822 3 
823 1 
824 7 
825 1 
828 2 
829 2 
830 3 
834 2 
835 1 
836 1 
837 6 
840 3 
842 4 
845 1 
847 2 
848 3 
852 3 
854 1 
855 2 
857 2 
858 1 
859 1 
861 2 
862 1 
863 1 
864 4 
865 1 
866 2 
867 5 
868 2 
869 1 
870 5 
872 1 
873 1 
875 3 
877 2 
878 3 
879 2 
880 1 
882 4 
887 1 
888 4 
890 2 
892 2 
893 3 
894 1 
895 1 
896 3 
897 1 
898 1 
900 2 
901 1 
902 1 
903 2 
906 1 
909 3 
914 1 
915 1 
917 1 
918 3 
921 2 
922 2 
923 1 
924 1 
925 2 
926 2 
928 2 
929 2 
930 1 
932 2 
936 1 
939 1 
941 1 
942 1 
943 1 
944 2 
945 1 
946 1 
948 2 
950 3 
953 1 
954 3 
956 1 
957 3 
960 1 
961 2 
962 6 
963 1 
965 1 
966 3 
967 1 
971 1 
972 2 
974 1 
975 2 
978 1 
981 3 
984 4 
985 1 
986 2 
987 2 
990 2 
992 1 
993 1 
995 1 
999 1 
1000 1 
1001 2 
1002 1 
1005 3 
1006 1 
1010 2 
1011 1 
1013 1 
1014 2 
1016 1 
1017 1 
1020 1 
1021 2 
1022 3 
1024 1 
1026 3 
1032 3 
1033 3 
1034 3 
1036 1 
1038 2 
1042 1 
1043 1 
1045 1 
1046 1 
1047 2 
1048 1 
1050 6 
1051 2 
1052 1 
1053 1 
1054 1 
1058 2 
1059 2 
1060 1 
1062 1 
1063 1 
1064 2 
1065 1 
1071 1 
1076 1 
1078 1 
1080 1 
1081 1 
1082 1 
1083 1 
1084 2 
1085 2 
1090 1 
1092 1 
1093 2 
1100 1 
1101 3 
1103 1 
1104 1 
1113 3 
1116 1 
1117 1 
1118 2 
1119 1 
1121 1 
1123 1 
1124 1 
1129 2 
1130 1 
1131 2 
1132 1 
1134 1 
1135 2 
1138 1 
1143 2 
1144 3 
1145 3 
1146 4 
1148 1 
1149 1 
1150 1 
1152 4 
1153 2 
1156 2 
1158 2 
1160 1 
1164 1 
1167 1 
1168 1 
1169 1 
1170 1 
1172 1 
1173 2 
1176 2 
1177 3 
1178 1 
1180 1 
1181 1 
1182 3 
1184 3 
1186 1 
1190 2 
1191 4 
1194 1 
1197 3 
1200 1 
1205 3 
1206 1 
1209 1 
1212 1 
1218 1 
1219 1 
1222 2 
1229 1 
1230 3 
1232 1 
1239 1 
1240 1 
1242 1 
1245 1 
1248 2 
1249 2 
1254 1 
1257 1 
1262 1 
1264 1 
1268 1 
1269 1 
1275 1 
1282 2 
1285 1 
1287 1 
1290 1 
1292 2 
1293 2 
1298 1 
1301 1 
1304 1 
1309 1 
1310 2 
1316 3 
1317 3 
1321 2 
1323 2 
1324 1 
1325 1 
1329 1 
1340 2 
1341 1 
1353 1 
1357 1 
1362 1 
1365 1 
1368 2 
1372 1 
1374 1 
1380 1 
1390 1 
1391 1 
1392 1 
1393 2 
1394 1 
1395 1 
1397 1 
1400 2 
1402 2 
1404 2 
1405 1 
1408 2 
1410 2 
1412 1 
1413 2 
1418 1 
1425 1 
1431 1 
1437 1 
1440 2 
1441 1 
1442 1 
1447 1 
1448 1 
1465 2 
1466 1 
1473 1 
1475 1 
1476 1 
1477 1 
1485 1 
1502 2 
1507 1 
1509 2 
1513 2 
1516 1 
1518 1 
1520 2 
1521 1 
1522 1 
1527 1 
1528 1 
1530 1 
1532 3 
1540 1 
1545 1 
1550 1 
1552 1 
1555 2 
1558 1 
1563 1 
1565 1 
1567 1 
1572 1 
1573 1 
1580 1 
1582 1 
1585 1 
1590 1 
1591 1 
1593 1 
1595 1 
1597 1 
1600 1 
1602 1 
1605 1 
1609 2 
1610 1 
1620 1 
1629 1 
1632 3 
1636 1 
1641 2 
1642 1 
1645 1 
1646 1 
1648 1 
1650 1 
1653 1 
1662 1 
1664 1 
1670 1 
1677 1 
1680 1 
1681 1 
1682 1 
1683 1 
1693 2 
1700 2 
1706 1 
1710 1 
1712 1 
1715 1 
1719 1 
1724 1 
1737 2 
1740 1 
1745 2 
1754 1 
1764 1 
1767 1 
1773 1 
1774 2 
1776 1 
1777 1 
1794 1 
1795 1 
1797 2 
1798 1 
1800 1 
1803 2 
1813 1 
1818 1 
1820 1 
1822 1 
1826 1 
1829 1 
1835 2 
1850 1 
1855 2 
1856 2 
1865 1 
1868 1 
1881 1 
1888 1 
1893 1 
1900 1 
1901 2 
1908 1 
1909 1 
1911 2 
1912 1 
1916 1 
1928 1 
1931 1 
1932 1 
1936 1 
1938 2 
1944 1 
1947 1 
1963 1 
1968 1 
1970 1 
1971 1 
1973 1 
1983 2 
1989 1 
1994 2 
1997 1 
2002 1 
2004 2 
2007 4 
2009 1 
2016 2 
2017 2 
2018 2 
2019 1 
2020 1 
2024 2 
2032 2 
2034 1 
2037 1 
2042 1 
2044 1 
2048 1 
2050 1 
2052 1 
2054 1 
2055 1 
2058 1 
2059 1 
2061 1 
2080 2 
2088 1 
2092 1 
2094 1 
2096 1 
2097 1 
2100 1 
2103 1 
2107 1 
2112 2 
2114 2 
2116 1 
2125 1 
2138 1 
2140 1 
2144 1 
2145 1 
2146 2 
2147 1 
2160 1 
2163 2 
2164 1 
2167 1 
2172 1 
2173 1 
2174 1 
2176 1 
2179 1 
2189 1 
2194 1 
2197 1 
2199 1 
2200 2 
2202 2 
2204 2 
2205 1 
2208 1 
2210 3 
2213 1 
2216 1 
2217 1 
2218 1 
2221 1 
2223 1 
2227 2 
2230 1 
2234 4 
2235 2 
2242 1 
2244 1 
2245 1 
2247 3 
2249 1 
2253 1 
2256 1 
2264 1 
2266 1 
2270 1 
2271 2 
2276 2 
2285 1 
2289 1 
2292 1 
2294 1 
2295 1 
2298 1 
2307 1 
2308 1 
2318 1 
2322 1 
2327 1 
2337 1 
2341 1 
2342 1 
2347 1 
2348 1 
2354 2 
2356 1 
2360 1 
2362 1 
2364 1 
2368 1 
2372 1 
2374 1 
2404 1 
2407 1 
2409 1 
2410 1 
2432 1 
2437 1 
2438 1 
2449 1 
2454 1 
2459 1 
2462 1 
2488 1 
2489 1 
2494 1 
2502 1 
2506 1 
2508 1 
2511 1 
2514 1 
2520 2 
2522 1 
2526 1 
2527 1 
2536 1 
2554 1 
2558 3 
2564 1 
2568 1 
2570 1 
2573 1 
2576 1 
2580 1 
2585 1 
2588 2 
2591 3 
2592 1 
2594 1 
2598 1 
2603 1 
2608 2 
2616 1 
2623 1 
2624 1 
2632 1 
2633 1 
2635 1 
2637 2 
2641 1 
2645 1 
2648 1 
2650 1 
2653 1 
2660 1 
2666 1 
2667 1 
2670 1 
2673 1 
2675 1 
2686 1 
2688 1 
2698 1 
2702 1 
2703 1 
2705 1 
2706 1 
2717 1 
2720 1 
2721 3 
2730 1 
2732 1 
2736 1 
2738 1 
2746 1 
2750 1 
2756 1 
2760 1 
2763 1 
2764 1 
2765 1 
2775 1 
2778 1 
2785 1 
2788 2 
2790 2 
2793 1 
2804 1 
2808 1 
2809 1 
2824 1 
2832 1 
2840 1 
2843 1 
2845 2 
2848 2 
2850 1 
2858 1 
2868 1 
2883 1 
2888 1 
2893 1 
2895 1 
2909 2 
2924 1 
2929 1 
2930 1 
2931 1 
2937 1 
2942 1 
2944 1 
2946 1 
2949 1 
2953 1 
2957 2 
2958 2 
2961 1 
2973 1 
2978 1 
2994 1 
3012 1 
3021 1 
3032 1 
3042 2 
3044 1 
3072 1 
3075 2 
3076 2 
3077 1 
3085 1 
3133 1 
3141 1 
3169 1 
3176 1 
3178 1 
3182 1 
3188 1 
3189 1 
3192 1 
3193 1 
3225 1 
3240 1 
3253 2 
3267 1 
3270 1 
3282 1 
3285 1 
3289 1 
3338 1 
3339 1 
3365 1 
3370 1 
3378 1 
3394 1 
3396 1 
3397 1 
3431 1 
3447 1 
3459 1 
3486 1 
3496 1 
3512 1 
3519 1 
3528 1 
3549 1 
3557 1 
3597 1 
3604 1 
3620 1 
3642 1 
3650 1 
3656 2 
3675 1 
3677 1 
3684 1 
3687 1 
3692 1 
3696 1 
3704 2 
3735 1 
3740 1 
3741 1 
3764 1 
3781 1 
3788 1 
3789 1 
3816 1 
3822 1 
3842 2 
3873 1 
3892 1 
3896 1 
3897 1 
3921 1 
3930 1 
3936 1 
3942 1 
3944 3 
3947 1 
3966 1 
3990 1 
4008 1 
4024 1 
4053 1 
4098 1 
4116 1 
4161 1 
4170 1 
4227 1 
4242 2 
4275 1 
4284 1 
4346 1 
4353 1 
4368 1 
4374 1 
4394 1 
4395 1 
4404 1 
4455 1 
4580 1 
4587 1 
4629 1 
5017 1 
5257 1 
5299 1 
5347 1 
5348 1 
5353 1 
5546 1 
5655 1 
5742 1 
5775 1 
5826 1 
5840 1 
5859 1 
5882 1 
5920 1 
5980 1 
6110 2 
6112 1 
6124 1 
6126 1 
6130 1 
6132 1 
6135 1 
6136 1 
6222 1 
6248 2 
6282 1 
6300 1 
6360 1 
6391 1 
6419 1 
6607 1 
6612 1 
6637 1 
6687 1 
6802 1 
6805 1 
6850 1 
7055 1 
7073 1 
7195 1 
7453 1 
7649 1 
7817 1 
7922 1 
8499 1 
8769 1 
8799 1 
9420 1 
9665 1 
9930 1 
10794 1 
10805 1 
10986 1 
12073 1 
12412 1 
12462 1 
12516 1 
12637 1 
12780 1 
12823 1 
12870 1 
12883 1 
12895 1 
13090 1 
13132 1 
13390 1 
13411 1 
13540 1 
14011 1 
14086 1 
14628 1 
14902 1 
15259 1 
15319 1 
15432 1 
15631 1 
15655 1 
15798 1 
