0 5350 
1 2316 
2 849 
3 407 
4 284 
5 197 
6 175 
7 147 
8 128 
9 99 
10 81 
11 81 
12 68 
13 64 
14 69 
15 59 
16 49 
17 49 
18 49 
19 37 
20 33 
21 26 
22 34 
23 36 
24 20 
25 20 
26 22 
27 18 
28 21 
29 20 
30 17 
31 16 
32 23 
33 21 
34 19 
35 12 
36 10 
37 9 
38 14 
39 10 
40 11 
41 7 
42 10 
43 16 
44 6 
45 8 
46 6 
47 10 
48 5 
49 9 
50 12 
51 9 
52 3 
53 4 
54 4 
55 7 
56 6 
57 2 
58 3 
59 5 
60 3 
61 5 
62 2 
63 2 
64 3 
65 3 
66 3 
67 4 
68 1 
69 4 
70 2 
71 2 
72 4 
73 4 
75 4 
76 1 
77 2 
78 4 
79 1 
80 2 
81 4 
83 4 
84 4 
88 3 
89 2 
90 3 
92 1 
93 2 
94 1 
96 2 
97 2 
98 2 
99 1 
100 6 
102 5 
103 1 
106 2 
107 1 
109 2 
110 1 
111 1 
115 1 
117 2 
119 1 
120 2 
122 1 
124 1 
131 1 
136 2 
140 1 
144 3 
146 1 
150 1 
157 1 
158 2 
163 1 
175 1 
183 3 
186 1 
191 1 
194 1 
202 1 
211 1 
213 1 
230 1 
251 1 
256 1 
320 1 
